129.6765580604944
108.55480117467619
31.30561923663601
6.517661233267177
8.52402482725281
0.033711974167160055

52.85683890453944
111.59510915043904
36.16581430748925
6.440295380877301
21.725485530469136
2.625282840178794

-602.2858919159094
111.38134169937618
33.982620707957665
5.915213475303862
14.464683518724938
52.13176795501303

-1513.1687085165565
112.54487870207981
35.959964535821754
3.2045179730268822
23.854236227460806
67.04364972551758

-386.7680211401897
117.87942431883313
37.828966318514205
4.89147808493273
11.91909668810084
26.108422457383686

-605.5575868201715
126.7890811933801
46.434215410257295
5.751114507348497
16.115940532536175
1.0078555346174094

-1612.3986562866842
103.76093128512625
31.616948586991057
10.095264167045196
18.46317025505433
4.071619992755758

-101.30499622784349
114.15227777614116
31.436832580486673
7.562847824420071
17.01924736975269
31.544492638896863

-560.8512650596938
120.12850774826008
47.96557098051865
5.079040772002678
33.34521606901327
48.594686002433114

-25.384176152229884
107.66814889887556
35.085534383405786
5.706702276641451
22.180568241206057
36.535518471896346

100.90473150282841
110.11021780458863
27.583836672018087
5.546456656154733
7.525702439352743
26.635205709616454

-36.825396003876484
115.28245489396035
35.191923379997135
5.2519084225840285
26.022911925330956
38.86492955134083

-373.61540665512496
113.44372873047176
36.03949431030537
7.443210345935144
11.554394976235333
11.655662537408299

-3139.036431321948
110.9466252776917
32.97187725855453
7.020120501332762
18.960638301351327
64.50885737742217

-226.01834358671562
120.6340741713901
42.1197585869476
7.226812611623781
14.106372900871762
46.45018332532087

34.10320803542638
113.16361783446062
27.965197838067844
5.670314064768511
12.628482520673197
13.424596806841707

-63.076522817862426
116.3868451116139
35.70701178797794
3.094935793107444
30.96155336677327
11.582997023348494

-258.4469482597349
107.10578165650642
36.71301512931016
3.782425044927375
16.791257171848635
47.21805851451256

-196.00224214598057
106.82912229690774
26.12693907360232
4.820207081814795
11.36063243283349
20.15049059764089

-10.15788709466809
111.3222774480345
36.07510687422305
7.071637730907236
18.337137070199045
12.424452067323859

61.227550430286556
115.88307521114193
27.049571929333087
7.449919822968974
4.918465843354916
31.094628827056862

94.65859148725703
105.93460704266485
35.36762110445107
4.055758179797261
21.666213632573466
8.620034837119757

-86.58425689323897
112.40394386789272
26.718992785334567
8.853160322524658
6.219376229273785
46.045089185050756

-647.3310717848804
107.03427716874963
34.3701608526455
8.640163867237408
26.103598767461662
34.52726851906532

-926.9440674441619
103.61206808609317
30.668451202877442
4.182247077596976
16.436512849711917
60.843613149752

51.77281045933417
108.8172786613908
38.295657865123175
5.7761124412995954
11.139391902085615
10.40860107833502

141.61932622950764
124.59403433371043
28.479693153492377
6.204347866120513
8.482512358589732
24.38504422286909

36.75161573465863
100.81393652496517
25.234810191896354
6.068528709193565
9.47349825908941
14.552022133205654

42.24778247446492
128.56620722720749
39.08992254504839
4.991276771723047
27.191115179614943
32.858494213624624

93.93015815747893
94.7739686959404
30.7751685997284
6.42534410817194
11.290905494528417
7.89193091772867

113.43395161150006
109.56707538264644
26.4006285808854
4.999262873917528
9.027331804696846
20.200554184021875

-67.90142883144857
113.64857727285354
41.580696608161276
3.8155673492184636
13.681023565501873
15.97184025426711

124.82814685213721
103.20927152862401
26.4104808353916
4.509077133423737
10.26596340099081
5.689537027466647

23.611483188122595
107.24141021801042
25.604373739462307
7.715746719926425
12.227123485008526
25.436912973213904

-404.5819846165654
102.24694169139461
36.69670115234187
8.153554668466136
23.393913152729823
3.1188157254136963

-16.948166337238305
123.83730796654088
29.439130119377072
7.455054650569676
9.983461386455446
19.186815991246284

-258.96109218046
105.8107283347482
37.32138899084782
7.193642848573262
32.47633710410841
23.074203196435473

-1657.7975542582035
133.04263348686098
46.10460916376855
9.981503386860448
20.527909374647255
6.740293578113122

106.26853450339141
126.16166368899314
40.09708977567113
4.605431820690004
20.839832283268443
2.2621896376252506

-181.067190623047
105.75797867064189
33.44410074482412
6.013017270104745
30.16763707939106
33.969903226694626

144.0710613603726
118.21660828463477
28.666255929311916
7.8062514862743155
4.506519444431298
1.0735289150922638

113.04155694128038
109.43590665565493
25.532067429090368
3.8268597450503665
5.465740461740053
10.08279254854234

47.495878528444166
100.72431528875808
26.51320559115381
5.211599011625655
7.050602146077848
20.812567396825

296.872702764158
129.93141868836926
31.058420138959953
14.265945577081887
2.520094748269757
50.14660313543079

-279.78124989607
107.71461102696838
26.691406290755413
9.657088240082505
6.92168416857999
51.49695492569054

-157.2946589828053
117.6174527921055
37.34926544494668
4.401158683715709
10.687961254461536
41.812854553518555

11.707380961524947
104.23012116774908
24.508521572003602
4.519561003063682
7.741175884820731
29.640868590661697

-93.34048568197761
105.73413909060962
33.95861125405511
4.411253550627054
16.72128995670039
20.885546439759302

122.47177246085579
111.1699781884716
35.428102410555596
4.065192590038454
20.071341782836686
17.326173892414182

-71.68886438650678
121.20943110112727
38.75240974787233
3.314138508743215
26.801799233291344
29.305813182676562

-1232.9460421917386
112.17339882574399
34.80009412918088
5.197848377578504
19.14122939925999
64.87590464751372

142.0388223756678
103.71487707797633
26.125226177573005
5.857323153051626
8.329727830474456
9.940194705197163

-1326.1839188241192
112.89135943506349
40.42559497285354
5.53166677351471
22.39779209518199
31.683372011691308

48.83055837776162
115.47162136829589
39.54935586542612
3.9698217519496706
9.952892751463578
10.94668663108455

-117.91629257856366
113.65894903833657
35.60265776909564
5.870407118974821
7.821098383311798
0.99499680354127

12.848897938949683
116.13939908467877
33.78022992572575
6.892685067957706
17.95032719091514
33.40939332060185

-116.45418729496564
109.97951597537423
29.671948011708686
3.6784929390860683
16.451627322160494
33.70085893170431

94.53211495124006
111.0054351493549
34.497480466394855
6.415528063423509
10.369708713004776
10.582941289673416

-1011.2518960232437
127.67944169101379
38.80231742014802
4.211654809205643
24.457924923873012
17.28601368487395

21.525715564886063
114.496418564152
36.495160927184244
7.558458853869534
10.972744567294754
34.487395013243734

-140.80836338129996
97.74631513013344
33.813035605284284
7.1444108392336645
13.442520138190929
24.445740172044022

103.5711881699832
109.04189488638914
32.243029942871374
3.7818016538493424
15.076076351786975
7.111224985530839

-1119.6803469650108
111.3702957450046
31.135666356627233
8.765770930754254
24.245737064779192
33.13230400006877

88.70399145052426
106.66380451886425
26.475361130858587
5.758069897166974
8.81052449541888
23.378997494036028

-31.45043522755831
111.63594702438596
32.25206836444973
8.718506858110224
7.03215704907118
1.8407043131868928

-72.86310410850318
128.35918565716685
41.27329057365557
8.254749254588972
15.292421260464128
0.7919177993743312

-774.9901010231052
97.93153133684835
34.57986098702149
6.288802673618743
27.023433458278607
57.57272246655119

24.97452382164552
110.82326507005335
35.82527154976295
4.091685720663401
19.345010460788583
26.797949433811233

97.12249622189529
99.52673610702668
35.59699625630847
5.586546430262965
19.284617493184655
21.44163924897082

-738.3978186277772
101.58917302047871
33.26544569450837
7.7081018279824205
13.304320750046205
6.965920746258458

-464.61860680861304
112.57516134322289
36.61826711859775
7.285969761095485
17.87281685297674
21.862241108197825

83.90008973452252
101.21549446479789
32.796842048752275
5.088154826786074
28.82310912266268
0.8708390556857156

116.3975555854083
128.67642426158588
40.99848869962741
6.171700651883779
13.49681751751084
18.268017438370986

73.41635667271015
98.18709791526089
32.29792624629591
5.437413061296514
17.881694835708373
12.142583889470183

129.91983622140435
112.79814726210769
38.18157975854701
5.188729148946593
8.309161113675575
23.808820998388967

-461.3597971412653
116.24443114276436
35.44408162180155
5.360957513255611
6.634646527993045
52.3649415154065

69.89175989774542
103.68138608767991
36.40368828727133
5.418086578341829
24.187377585487308
22.822860583929835

-159.24477409984834
109.33786621365444
32.72016775837711
5.925934124763231
14.637035642552647
23.745691955881245

-7.384874735769159
100.57923520316484
30.621028577017984
5.4310044747484785
19.5343930418248
29.72610612727946

-226.80665880155817
118.80253385962152
40.4724107834979
5.700335129236569
14.480469443237213
4.083678915745651

-646.9398871502879
117.34288485070434
37.95577358035766
3.913402675700366
26.59826518828206
8.656796643221996

-91.66980484715826
108.55657656235408
34.46928360100334
5.973094522333487
22.757606204099172
41.30445453003435

146.83199452342652
111.6084419114479
36.696497406580036
6.038393353721675
8.113843376429465
7.425743258306743

118.5683282124653
105.48880592426332
24.830800843489595
5.368618753249589
10.741912196059053
21.735405654259175

-575.5564982952627
112.42343096773847
39.703015489766784
7.353741846886128
18.81179082803682
54.99195109101424

148.9808660953902
117.80329250687626
38.490624227260305
5.53058544779298
7.3374970665368355
13.389014751409384

-474.5754659806539
109.25063101449632
34.56843001158296
7.54218369757164
14.6968706113108
47.16882875288955

-1231.5357745830097
100.6262495768136
31.757764359281154
8.446050004656946
18.746140206636927
29.468996314679924

-558.492683494133
109.92295826120059
26.61380093641908
9.16964362845747
17.549094803629515
28.140761407941678

-242.9009482125997
104.81021831611055
36.97299137005976
6.817381018979271
21.98685313276285
17.223389141258792

